255 255 255 255 255 255 253 252 250 254 255 255 255 255 255 255
255 255 255 255 255 255  41 113 134  38 254 254 255 255 255 255
255 255 255 255 251  30 247 110 134 244  32 250 255 255 255 254
255 255 254  43  35 251 253 110 134 250 255  33  45 255 255 255
255 249  29 227 254 255 254 110 134 253 255 254 229  30 246 255
255  27  35 253 255 255 254 111 134 253 255 255 252  26 118 255
255  30 253  28 200 255 253 110 134 250 253 208  30 252 255 255
255  30 254 250  84  23  34 246 248  27  27  74 252 255 255 254
255  30 254 251  39  39  38 231 227  42  44  41 252 255 255 253
255  30 244  33 239 255 254 113 134 253 255 240  25 241 255 255
255  35  37 252 255 255 254 111 134 253 255 255 254  31  32 255
255 255  31 160 255 253 255 111 134 255 254 254 172  31 253 255
255 255 253 122  27 252 253 110 134 253 251  26 112 254 255 255
255 255 254 253 252  31 183 109 134 198  33 252 252 255 255 255
255 255 255 255 255 254 100 124 139  89 254 255 255 255 255 254
255 255 255 255 255 255 250 255 254 255 255 255 255 255 255 255
255 255 255 255 255 255 253 252 250 254 255 255 255 255 255 255
255 255 255 255 255 253  40 112 133  37 253 254 255 255 255 255
255 255 255 255 251  29 246 109 133 243  32 250 255 255 255 254
255 255 254  42  34 251 254 109 133 250 255  31  44 255 255 253
255 249  29 226 254 255 254 109 133 253 255 254 228  30 246 253
255  26  34 253 255 255 254 109 133 253 255 255 252  26 117 254
255  29 252  26 199 255 253 109 133 250 254 206  28 253 255 255
255  28 254 250  82  21  32 245 247  26  26  73 252 255 255 254
255  28 254 250  37  37  36 229 225  41  43  40 252 255 255 253
255  29 243  32 239 255 254 112 133 253 255 240  24 240 254 253
255  35  35 252 254 255 254 110 133 253 255 254 254  29  32 254
255 255  31 159 253 253 255 109 133 252 254 252 171  30 254 254
255 255 254 121  26 252 254 108 133 252 249  25 111 254 255 253
255 255 254 253 252  30 182 109 133 197  32 252 252 255 255 254
255 255 255 255 255 254  99 124 138  88 253 255 255 255 255 255
255 255 255 255 255 255 250 253 254 255 255 255 255 255 255 255
255 255 255 255 255 255 253 252 250 254 255 255 255 255 255 255
255 255 255 255 255 253  43 115 136  40 255 254 255 255 255 255
255 255 255 255 251  31 249 110 135 246  34 250 255 255 255 254
255 255 254  45  37 251 253 110 135 250 255  37  47 255 255 254
255 249  29 228 254 255 254 109 135 253 255 254 231  30 246 255
255  29  37 253 255 255 254 112 135 253 255 255 252  28 120 255
255  31 252  31 201 255 253 110 135 250 253 212  34 252 255 255
255  34 254 250  87  27  38 245 249  28  29  78 252 255 255 254
255  33 254 253  42  43  41 230 228  43  46  44 252 255 255 253
255  31 246  34 239 255 254 114 135 253 255 240  27 243 254 254
255  37  41 252 254 255 254 111 135 253 255 254 254  34  34 254
255 255  32 162 253 253 255 112 135 253 254 253 172  33 253 254
255 255 253 124  28 252 253 111 135 255 249  28 114 254 255 253
255 255 254 253 252  33 185 110 134 199  34 253 252 255 255 254
255 255 255 255 255 254 102 126 141  92 254 255 255 255 255 254
255 255 255 255 255 255 250 254 254 255 255 255 255 255 255 255

255 255 254 255 255 255 255 254 253 255 255 255 255 255 254 255
255 255 255 255 246 118 255 255 255 255  32 253 255 255 255 255
255 255 255 255  30  26 252 255 255 241  31  31 254 255 255 255
255 255 255  45 229 252  30 252 252  25 254 172 112 252 255 255
255 254 250  33 254 255 208  74  41 240 255 254  26 252 255 255
255 254  32 255 255 255 253  27  44 255 255 254 251  33 254 255
254  38 244 250 253 253 250  27  42 253 253 255 253 198  89 255
250 134 134 134 134 134 134 248 227 134 134 134 134 134 139 254
252 113 110 110 110 111 110 246 231 113 111 111 110 109 124 255
253  41 247 253 254 254 253  34  38 254 254 255 253 183 100 250
255 255  30 251 255 255 255  23  39 255 255 253 252  31 254 255
255 255 251  35 254 255 200  84  39 239 255 255  27 252 255 255
255 255 255  43 227 253  28 250 251  33 252 160 122 253 255 255
255 255 255 254  29  35 253 254 254 244  37  31 253 254 255 255
255 255 255 255 249  27  30  30  30  30  35 255 255 255 255 255
255 255 255 255 255 255 255 255 255 255 255 255 255 255 255 255
255 255 254 253 253 254 255 254 253 253 254 254 253 254 255 255
255 255 255 255 246 117 255 255 255 254  32 254 255 255 255 255
255 255 255 255  30  26 253 255 255 240  29  30 254 255 255 255
255 255 255  44 228 252  28 252 252  24 254 171 111 252 255 255
255 254 250  31 254 255 206  73  40 240 254 252  25 252 255 255
255 253  32 255 255 255 254  26  43 255 255 254 249  32 253 255
254  37 243 250 253 253 250  26  41 253 253 252 252 197  88 255
250 133 133 133 133 133 133 247 225 133 133 133 133 133 138 254
252 112 109 109 109 109 109 245 229 112 110 109 108 109 124 253
253  40 246 254 254 254 253  32  36 254 254 255 254 182  99 250
255 253  29 251 255 255 255  21  37 255 255 253 252  30 254 255
255 255 251  34 254 255 199  82  37 239 254 253  26 252 255 255
255 255 255  42 226 253  26 250 250  32 252 159 121 253 255 255
255 255 255 254  29  34 252 254 254 243  35  31 254 254 255 255
255 255 255 255 249  26  29  28  28  29  35 255 255 255 255 255
255 255 255 255 255 255 255 255 255 255 255 255 255 255 255 255
255 255 254 254 255 255 255 254 253 254 254 254 253 254 254 255
255 255 255 255 246 120 255 255 255 254  34 253 255 255 255 255
255 255 255 255  30  28 252 255 255 243  34  33 254 255 255 255
255 255 255  47 231 252  34 252 252  27 254 172 114 252 255 255
255 254 250  37 254 255 212  78  44 240 254 253  28 253 255 255
255 255  34 255 255 255 253  29  46 255 255 254 249  34 254 255
254  40 246 250 253 253 250  28  43 253 253 253 255 199  92 255
250 136 135 135 135 135 135 249 228 135 135 135 135 134 141 254
252 115 110 110 109 112 110 245 230 114 111 112 111 110 126 254
253  43 249 253 254 254 253  38  41 254 254 255 253 185 102 250
255 253  31 251 255 255 255  27  43 255 255 253 252  33 254 255
255 255 251  37 254 255 201  87  42 239 254 253  28 252 255 255
255 255 255  45 228 253  31 250 253  34 252 162 124 253 255 255
255 255 255 254  29  37 252 254 254 246  41  32 253 254 255 255
255 255 255 255 249  29  31  34  33  31  37 255 255 255 255 255
255 255 255 255 255 255 255 255 255 255 255 255 255 255 255 255

255 255 255 255 255 255 255 254 255 250 255 255 255 255 255 255
254 255 255 255 255 254  89 139 124 100 254 255 255 255 255 255
255 255 255 252 252  33 198 134 109 183  31 252 253 254 255 255
255 255 254 112  26 251 253 134 110 253 252  27 122 253 255 255
255 253  31 172 254 254 255 134 111 255 253 255 160  31 255 255
255  32  31 254 255 255 253 134 111 254 255 255 252  37  35 255
255 255 241  25 240 255 253 134 113 254 255 239  33 244  30 255
253 255 255 252  41  44  42 227 231  38  39  39 251 254  30 255
254 255 255 252  74  27  27 248 246  34  23  84 250 254  30 255
255 255 252  30 208 253 250 134 110 253 255 200  28 253  30 255
255 118  26 252 255 255 253 134 111 254 255 255 253  35  27 255
255 246  30 229 254 255 253 134 110 254 255 254 227  29 249 255
255 255 255  45  33 255 250 134 110 253 251  35  43 254 255 255
254 255 255 255 250  32 244 134 110 247  30 251 255 255 255 255
255 255 255 255 254 254  38 134 113  41 255 255 255 255 255 255
255 255 255 255 255 255 254 250 252 253 255 255 255 255 255 255
255 255 255 255 255 255 255 254 253 250 255 255 255 255 255 255
255 255 255 255 255 253  88 138 124  99 254 255 255 255 255 255
254 255 255 252 252  32 197 133 109 182  30 252 253 254 255 255
253 255 254 111  25 249 252 133 108 254 252  26 121 254 255 255
254 254  30 171 252 254 252 133 109 255 253 253 159  31 255 255
254  32  29 254 254 255 253 133 110 254 255 254 252  35  35 255
253 254 240  24 240 255 253 133 112 254 255 239  32 243  29 255
253 255 255 252  40  43  41 225 229  36  37  37 250 254  28 255
254 255 255 252  73  26  26 247 245  32  21  82 250 254  28 255
255 255 253  28 206 254 250 133 109 253 255 199  26 252  29 255
254 117  26 252 255 255 253 133 109 254 255 255 253  34  26 255
253 246  30 228 254 255 253 133 109 254 255 254 226  29 249 255
253 255 255  44  31 255 250 133 109 254 251  34  42 254 255 255
254 255 255 255 250  32 243 133 109 246  29 251 255 255 255 255
255 255 255 255 254 253  37 133 112  40 253 255 255 255 255 255
255 255 255 255 255 255 254 250 252 253 255 255 255 255 255 255
255 255 255 255 255 255 255 254 254 250 255 255 255 255 255 255
254 255 255 255 255 254  92 141 126 102 254 255 255 255 255 255
254 255 255 252 253  34 199 134 110 185  33 252 253 254 255 255
253 255 254 114  28 249 255 135 111 253 252  28 124 253 255 255
254 253  33 172 253 254 253 135 112 255 253 253 162  32 255 255
254  34  34 254 254 255 253 135 111 254 255 254 252  41  37 255
254 254 243  27 240 255 253 135 114 254 255 239  34 246  31 255
253 255 255 252  44  46  43 228 230  41  43  42 253 254  33 255
254 255 255 252  78  29  28 249 245  38  27  87 250 254  34 255
255 255 252  34 212 253 250 135 110 253 255 201  31 252  31 255
255 120  28 252 255 255 253 135 112 254 255 255 253  37  29 255
255 246  30 231 254 255 253 135 109 254 255 254 228  29 249 255
254 255 255  47  37 255 250 135 110 253 251  37  45 254 255 255
254 255 255 255 250  34 246 135 110 249  31 251 255 255 255 255
255 255 255 255 254 255  40 136 115  43 253 255 255 255 255 255
255 255 255 255 255 255 254 250 252 253 255 255 255 255 255 255

255 255 255 255 255 255 255 255 255 255 255 255 255 255 255 255
255 255 255 255 255  35  30  30  30  30  27 249 255 255 255 255
255 255 254 253  31  37 244 254 254 253  35  29 254 255 255 255
255 255 253 122 160 252  33 251 250  28 253 227  43 255 255 255
255 255 252  27 255 255 239  39  84 200 255 254  35 251 255 255
255 254  31 252 253 255 255  39  23 255 255 255 251  30 255 255
250 100 183 253 255 254 254  38  34 253 254 254 253 247  41 253
255 124 109 110 111 111 113 231 246 110 111 110 110 110 113 252
254 139 134 134 134 134 134 227 248 134 134 134 134 134 134 250
255  89 198 253 255 253 253  42  27 250 253 253 250 244  38 254
255 254  33 251 254 255 255  44  27 253 255 255 255  32 254 255
255 255 252  26 254 255 240  41  74 208 255 254  33 250 254 255
255 255 252 112 172 254  25 252 252  30 252 229  45 255 255 255
255 255 255 254  31  31 241 255 255 252  26  30 255 255 255 255
255 255 255 255 253  32 255 255 255 255 118 246 255 255 255 255
255 254 255 255 255 255 255 253 254 255 255 255 255 254 255 255
255 255 255 255 255 255 255 255 255 255 255 255 255 255 255 255
255 255 255 255 255  35  29  28  28  29  26 249 255 255 255 255
255 255 254 254  31  35 243 254 254 252  34  29 254 255 255 255
255 255 253 121 159 252  32 250 250  26 253 226  42 255 255 255
255 255 252  26 253 254 239  37  82 199 255 254  34 251 255 255
255 254  30 252 253 255 255  37  21 255 255 255 251  29 253 255
250  99 182 254 255 254 254  36  32 253 254 254 254 246  40 253
253 124 109 108 109 110 112 229 245 109 109 109 109 109 112 252
254 138 133 133 133 133 133 225 247 133 133 133 133 133 133 250
255  88 197 252 252 253 253  41  26 250 253 253 250 243  37 254
255 253  32 249 254 255 255  43  26 254 255 255 255  32 253 255
255 255 252  25 252 254 240  40  73 206 255 254  31 250 254 255
255 255 252 111 171 254  24 252 252  28 252 228  44 255 255 255
255 255 255 254  30  29 240 255 255 253  26  30 255 255 255 255
255 255 255 255 254  32 254 255 255 255 117 246 255 255 255 255
255 255 254 253 254 254 253 253 254 255 254 253 253 254 255 255
255 255 255 255 255 255 255 255 255 255 255 255 255 255 255 255
255 255 255 255 255  37  31  33  34  31  29 249 255 255 255 255
255 255 254 253  32  41 246 254 254 252  37  29 254 255 255 255
255 255 253 124 162 252  34 253 250  31 253 228  45 255 255 255
255 255 252  28 253 254 239  42  87 201 255 254  37 251 255 255
255 254  33 252 253 255 255  43  27 255 255 255 251  31 253 255
250 102 185 253 255 254 254  41  38 253 254 254 253 249  43 253
254 126 110 111 112 111 114 230 245 110 112 109 110 110 115 252
254 141 134 135 135 135 135 228 249 135 135 135 135 135 136 250
255  92 199 255 253 253 253  43  28 250 253 253 250 246  40 254
255 254  34 249 254 255 255  46  29 253 255 255 255  34 255 255
255 255 253  28 253 254 240  44  78 212 255 254  37 250 254 255
255 255 252 114 172 254  27 252 252  34 252 231  47 255 255 255
255 255 255 254  33  34 243 255 255 252  28  30 255 255 255 255
255 255 255 255 253  34 254 255 255 255 120 246 255 255 255 255
255 254 254 253 254 254 254 253 254 255 255 255 254 254 255 255
